{
    "camera_angle_x": 0.5593348542653336,
    "fl_x": 1253.5068260298497,
    "fl_y": 1253.5068260298497,
    "cx": 360.0,
    "cy": 800.0,
    "w": 720,
    "h": 1600,
    "aabb_scale": 4,
    "frames": [
        {
            "file_path": "images/img_001.jpeg",
            "transform_matrix": [
                [
                    0.6894081297475355,
                    -0.1912399788195141,
                    0.6986728140833282,
                    0.46939809324386683
                ],
                [
                    -0.2243308324342797,
                    -0.9734688493570752,
                    -0.04510074224173421,
                    0.2183639962032313
                ],
                [
                    0.6887612853938209,
                    -0.12564103562341414,
                    -0.7140183624460421,
                    -0.30233637476138386
                ],
                [
                    0.0,
                    0.0,
                    0.0,
                    1.0
                ]
            ],
            "w": 720,
            "h": 1600,
            "fl_x": 1253.5068260298497,
            "fl_y": 1253.5068260298497,
            "cx": 360.0,
            "cy": 800.0
        },
        {
            "file_path": "images/img_002.jpeg",
            "transform_matrix": [
                [
                    0.835874869052239,
                    -0.0934344108318104,
                    0.5409096173663535,
                    0.3633772658260617
                ],
                [
                    -0.1155335054177436,
                    -0.9932791944337698,
                    0.006960677473475139,
                    0.2697367350270291
                ],
                [
                    0.5366239022004057,
                    -0.06831143958016113,
                    -0.8410519215896813,
                    -0.43036010626782895
                ],
                [
                    0.0,
                    0.0,
                    0.0,
                    1.0
                ]
            ],
            "w": 720,
            "h": 1600,
            "fl_x": 1253.5068260298497,
            "fl_y": 1253.5068260298497,
            "cx": 360.0,
            "cy": 800.0
        },
        {
            "file_path": "images/img_003.jpeg",
            "transform_matrix": [
                [
                    0.8785163194367243,
                    -0.08280116007691932,
                    0.47048171523797605,
                    0.3235137691980264
                ],
                [
                    -0.10080915289645506,
                    -0.9948187756239925,
                    0.013157444975368445,
                    0.2754868703424448
                ],
                [
                    0.46695459219891045,
                    -0.058987893299363464,
                    -0.882311644073936,
                    -0.46752829566925347
                ],
                [
                    0.0,
                    0.0,
                    0.0,
                    1.0
                ]
            ],
            "w": 720,
            "h": 1600,
            "fl_x": 1253.5068260298497,
            "fl_y": 1253.5068260298497,
            "cx": 360.0,
            "cy": 800.0
        },
        {
            "file_path": "images/img_004.jpeg",
            "transform_matrix": [
                [
                    0.954093671494133,
                    -0.03538740992272962,
                    0.29741048608582427,
                    0.2085948477551801
                ],
                [
                    -0.027214017000618068,
                    -0.9991307041114724,
                    -0.0315790022072203,
                    0.2760968633199209
                ],
                [
                    0.29826944746912254,
                    0.022035592133506435,
                    -0.9542273153634778,
                    -0.5195902398758265
                ],
                [
                    0.0,
                    0.0,
                    0.0,
                    1.0
                ]
            ],
            "w": 720,
            "h": 1600,
            "fl_x": 1253.5068260298497,
            "fl_y": 1253.5068260298497,
            "cx": 360.0,
            "cy": 800.0
        },
        {
            "file_path": "images/img_005.jpeg",
            "transform_matrix": [
                [
                    0.8070625972657265,
                    -0.11025801046020278,
                    0.5800802834298522,
                    0.408381493189146
                ],
                [
                    -0.14191792064738545,
                    -0.9898346645211921,
                    0.00930809923353338,
                    0.26577735239689715
                ],
                [
                    0.5731572802414902,
                    -0.08983600637593318,
                    -0.8145061227913521,
                    -0.4197180952614648
                ],
                [
                    0.0,
                    0.0,
                    0.0,
                    1.0
                ]
            ],
            "w": 720,
            "h": 1600,
            "fl_x": 1253.5068260298497,
            "fl_y": 1253.5068260298497,
            "cx": 360.0,
            "cy": 800.0
        },
        {
            "file_path": "images/img_006.jpeg",
            "transform_matrix": [
                [
                    0.9973240919491267,
                    0.02231453344312426,
                    0.0696183683740552,
                    0.0104574234047248
                ],
                [
                    0.02275566282739289,
                    -0.9997256528304574,
                    -0.005549674044639333,
                    0.2716234684558476
                ],
                [
                    0.06947543038467609,
                    0.007119035744496793,
                    -0.9975582609065662,
                    -0.5822522757825467
                ],
                [
                    0.0,
                    0.0,
                    0.0,
                    1.0
                ]
            ],
            "w": 720,
            "h": 1600,
            "fl_x": 1253.5068260298497,
            "fl_y": 1253.5068260298497,
            "cx": 360.0,
            "cy": 800.0
        },
        {
            "file_path": "images/img_007.jpeg",
            "transform_matrix": [
                [
                    0.9820541460596668,
                    0.12614277850911979,
                    -0.14020575465014792,
                    -0.14691726900303592
                ],
                [
                    0.12073626685335805,
                    -0.9915970398778368,
                    -0.046454971443608314,
                    0.2879680117685088
                ],
                [
                    -0.1448875704583835,
                    0.02869337790346227,
                    -0.9890319924002237,
                    -0.6074561492317567
                ],
                [
                    0.0,
                    0.0,
                    0.0,
                    1.0
                ]
            ],
            "w": 720,
            "h": 1600,
            "fl_x": 1253.5068260298497,
            "fl_y": 1253.5068260298497,
            "cx": 360.0,
            "cy": 800.0
        },
        {
            "file_path": "images/img_008.jpeg",
            "transform_matrix": [
                [
                    0.9118692398660221,
                    0.203995995498276,
                    -0.3562023627193262,
                    -0.3094343289869476
                ],
                [
                    0.19297041723867442,
                    -0.9789392534124913,
                    -0.06663599777091898,
                    0.24911865047920656
                ],
                [
                    -0.3622939517255221,
                    -0.007973201920268215,
                    -0.9320297852505808,
                    -0.5846323114353507
                ],
                [
                    0.0,
                    0.0,
                    0.0,
                    1.0
                ]
            ],
            "w": 720,
            "h": 1600,
            "fl_x": 1253.5068260298497,
            "fl_y": 1253.5068260298497,
            "cx": 360.0,
            "cy": 800.0
        },
        {
            "file_path": "images/img_009.jpeg",
            "transform_matrix": [
                [
                    0.9903734449750017,
                    -0.0030144376001172797,
                    0.13838841228333562,
                    0.09352259202752673
                ],
                [
                    -0.005147270645608469,
                    -0.9998733936159659,
                    0.01505663786481664,
                    0.283951577660326
                ],
                [
                    0.13832550413155315,
                    -0.015624016924157885,
                    -0.9902635735004621,
                    -0.5841325297240816
                ],
                [
                    0.0,
                    0.0,
                    0.0,
                    1.0
                ]
            ],
            "w": 720,
            "h": 1600,
            "fl_x": 1253.5068260298497,
            "fl_y": 1253.5068260298497,
            "cx": 360.0,
            "cy": 800.0
        },
        {
            "file_path": "images/img_010.jpeg",
            "transform_matrix": [
                [
                    0.5751779928848416,
                    0.32093284069077727,
                    -0.7524442758551052,
                    -0.6468049350059544
                ],
                [
                    0.2752562612728076,
                    -0.9421203628252866,
                    -0.19142416926831987,
                    0.10314309055899688
                ],
                [
                    -0.7703273765945756,
                    -0.09701202871860097,
                    -0.6302256731939917,
                    -0.3306077891383337
                ],
                [
                    0.0,
                    0.0,
                    0.0,
                    1.0
                ]
            ],
            "w": 720,
            "h": 1600,
            "fl_x": 1253.5068260298497,
            "fl_y": 1253.5068260298497,
            "cx": 360.0,
            "cy": 800.0
        },
        {
            "file_path": "images/img_011.jpeg",
            "transform_matrix": [
                [
                    0.3593359153276065,
                    0.3761642489621204,
                    -0.8540363913548619,
                    -0.7250184308378702
                ],
                [
                    0.28465503328867625,
                    -0.91572941901025,
                    -0.283568586381801,
                    0.05238274087692359
                ],
                [
                    -0.8887346127945583,
                    -0.14120937986519932,
                    -0.4361315157827877,
                    -0.18362706468223797
                ],
                [
                    0.0,
                    0.0,
                    0.0,
                    1.0
                ]
            ],
            "w": 720,
            "h": 1600,
            "fl_x": 1253.5068260298497,
            "fl_y": 1253.5068260298497,
            "cx": 360.0,
            "cy": 800.0
        },
        {
            "file_path": "images/img_012.jpeg",
            "transform_matrix": [
                [
                    0.15362902232440453,
                    0.4196491617920595,
                    -0.8945908028293547,
                    -0.7522579636818582
                ],
                [
                    0.300604195276677,
                    -0.8822767850716587,
                    -0.3622496270607876,
                    -0.0023101642550119677
                ],
                [
                    -0.9412944498305027,
                    -0.21326569234370563,
                    -0.26169161848911177,
                    0.013023122350207828
                ],
                [
                    0.0,
                    0.0,
                    0.0,
                    1.0
                ]
            ],
            "w": 720,
            "h": 1600,
            "fl_x": 1253.5068260298497,
            "fl_y": 1253.5068260298497,
            "cx": 360.0,
            "cy": 800.0
        },
        {
            "file_path": "images/img_013.jpeg",
            "transform_matrix": [
                [
                    0.7729908868465978,
                    0.2597200663131863,
                    -0.5788182581833302,
                    -0.5255600238371778
                ],
                [
                    0.2266038536107012,
                    -0.9652082675755254,
                    -0.1304748777835521,
                    0.16797563528915743
                ],
                [
                    -0.5925671121323642,
                    -0.03030655635546703,
                    -0.8049507626314685,
                    -0.44223575886591704
                ],
                [
                    0.0,
                    0.0,
                    0.0,
                    1.0
                ]
            ],
            "w": 720,
            "h": 1600,
            "fl_x": 1253.5068260298497,
            "fl_y": 1253.5068260298497,
            "cx": 360.0,
            "cy": 800.0
        },
        {
            "file_path": "images/img_014.jpeg",
            "transform_matrix": [
                [
                    -0.25898989642227427,
                    0.42391253061633993,
                    -0.8678838631623647,
                    -0.7304728334437635
                ],
                [
                    0.2800583814963142,
                    -0.826983890735545,
                    -0.4875089203466589,
                    -0.07945438658632793
                ],
                [
                    -0.9243871139867996,
                    -0.3693180348295365,
                    0.09546021498406933,
                    0.27896598037834386
                ],
                [
                    0.0,
                    0.0,
                    0.0,
                    1.0
                ]
            ],
            "w": 720,
            "h": 1600,
            "fl_x": 1253.5068260298497,
            "fl_y": 1253.5068260298497,
            "cx": 360.0,
            "cy": 800.0
        },
        {
            "file_path": "images/img_015.jpeg",
            "transform_matrix": [
                [
                    -0.48708894865325586,
                    0.3681834220632663,
                    -0.7919503291353874,
                    -0.6496520527418729
                ],
                [
                    0.2352432214358686,
                    -0.8179680759943664,
                    -0.5249655735593995,
                    -0.1400872733092479
                ],
                [
                    -0.8410737083444831,
                    -0.44200587594720636,
                    0.31181055588257756,
                    0.4293416336101611
                ],
                [
                    0.0,
                    0.0,
                    0.0,
                    1.0
                ]
            ],
            "w": 720,
            "h": 1600,
            "fl_x": 1253.5068260298497,
            "fl_y": 1253.5068260298497,
            "cx": 360.0,
            "cy": 800.0
        },
        {
            "file_path": "images/img_016.jpeg",
            "transform_matrix": [
                [
                    -0.07037728366664861,
                    0.41962549808978,
                    -0.9049649050082595,
                    -0.7981763886629692
                ],
                [
                    0.3007035254552505,
                    -0.8560876866509587,
                    -0.42034659811088443,
                    -0.04856415773576702
                ],
                [
                    -0.9511174626314499,
                    -0.3017089891228199,
                    -0.06593374067955285,
                    0.09733913706571243
                ],
                [
                    0.0,
                    0.0,
                    0.0,
                    1.0
                ]
            ],
            "w": 720,
            "h": 1600,
            "fl_x": 1253.5068260298497,
            "fl_y": 1253.5068260298497,
            "cx": 360.0,
            "cy": 800.0
        },
        {
            "file_path": "images/img_017.jpeg",
            "transform_matrix": [
                [
                    -0.9026293388959187,
                    0.1957655506714911,
                    -0.38332248268866803,
                    -0.35034662515116943
                ],
                [
                    0.0957727928229622,
                    -0.776904400039175,
                    -0.6222918329487055,
                    -0.24527889589111782
                ],
                [
                    -0.41962822679034156,
                    -0.5984107304937449,
                    0.6825076914663571,
                    0.8022105624256987
                ],
                [
                    0.0,
                    0.0,
                    0.0,
                    1.0
                ]
            ],
            "w": 720,
            "h": 1600,
            "fl_x": 1253.5068260298497,
            "fl_y": 1253.5068260298497,
            "cx": 360.0,
            "cy": 800.0
        },
        {
            "file_path": "images/img_018.jpeg",
            "transform_matrix": [
                [
                    -0.9733443425551663,
                    0.12294681684176821,
                    -0.19361010057413666,
                    -0.19426035003700529
                ],
                [
                    0.030336133287182702,
                    -0.7677402593772452,
                    -0.640042665100181,
                    -0.24943582860118815
                ],
                [
                    -0.22733347714983135,
                    -0.6288552888859542,
                    0.7435459069937309,
                    0.8421685497110508
                ],
                [
                    0.0,
                    0.0,
                    0.0,
                    1.0
                ]
            ],
            "w": 720,
            "h": 1600,
            "fl_x": 1253.5068260298497,
            "fl_y": 1253.5068260298497,
            "cx": 360.0,
            "cy": 800.0
        },
        {
            "file_path": "images/img_019.jpeg",
            "transform_matrix": [
                [
                    -0.9977043692523093,
                    0.03875578504888658,
                    0.05553359974012041,
                    0.026871642595402066
                ],
                [
                    -0.06522007554955778,
                    -0.7706579419845937,
                    -0.6339027356001714,
                    -0.2435084542714907
                ],
                [
                    0.018230011523895927,
                    -0.636069434559872,
                    0.7714164511458926,
                    0.8483525553208571
                ],
                [
                    0.0,
                    0.0,
                    0.0,
                    1.0
                ]
            ],
            "w": 720,
            "h": 1600,
            "fl_x": 1253.5068260298497,
            "fl_y": 1253.5068260298497,
            "cx": 360.0,
            "cy": 800.0
        },
        {
            "file_path": "images/img_020.jpeg",
            "transform_matrix": [
                [
                    -0.7092217876526892,
                    0.30931261216657796,
                    -0.6335062461202827,
                    -0.5309382764178591
                ],
                [
                    0.17112789393465466,
                    -0.7961993196407737,
                    -0.580329119828618,
                    -0.1955978772744883
                ],
                [
                    -0.6839003581196705,
                    -0.5199926454847773,
                    0.5117498889159915,
                    0.6068644937663956
                ],
                [
                    0.0,
                    0.0,
                    0.0,
                    1.0
                ]
            ],
            "w": 720,
            "h": 1600,
            "fl_x": 1253.5068260298497,
            "fl_y": 1253.5068260298497,
            "cx": 360.0,
            "cy": 800.0
        },
        {
            "file_path": "images/img_021.jpeg",
            "transform_matrix": [
                [
                    -0.9676289736273831,
                    -0.011948301635625574,
                    0.25209404492141646,
                    0.20758198466562341
                ],
                [
                    -0.14644731730308022,
                    -0.7869269958268874,
                    -0.599415620828821,
                    -0.22270793521693644
                ],
                [
                    0.20554160807862715,
                    -0.6169304185456366,
                    0.7597035645707856,
                    0.849276355194748
                ],
                [
                    0.0,
                    0.0,
                    0.0,
                    1.0
                ]
            ],
            "w": 720,
            "h": 1600,
            "fl_x": 1253.5068260298497,
            "fl_y": 1253.5068260298497,
            "cx": 360.0,
            "cy": 800.0
        },
        {
            "file_path": "images/img_022.jpeg",
            "transform_matrix": [
                [
                    -0.8880690927026644,
                    -0.0867892779379908,
                    0.45144313907874284,
                    0.35820572436902726
                ],
                [
                    -0.21526807108443788,
                    -0.7891865594667427,
                    -0.5751906048681872,
                    -0.19840194714651244
                ],
                [
                    0.40619323499764537,
                    -0.6079902923501721,
                    0.6821692313862451,
                    0.7600765523402245
                ],
                [
                    0.0,
                    0.0,
                    0.0,
                    1.0
                ]
            ],
            "w": 720,
            "h": 1600,
            "fl_x": 1253.5068260298497,
            "fl_y": 1253.5068260298497,
            "cx": 360.0,
            "cy": 800.0
        },
        {
            "file_path": "images/img_023.jpeg",
            "transform_matrix": [
                [
                    -0.7970068199777336,
                    0.258707855873368,
                    -0.5457566987389025,
                    -0.5105127101280952
                ],
                [
                    0.14731339353706308,
                    -0.7930555182501009,
                    -0.5910682778306229,
                    -0.22369745754512255
                ],
                [
                    -0.5857293683891691,
                    -0.5514827198403127,
                    0.5939595244829028,
                    0.7121500973189616
                ],
                [
                    0.0,
                    0.0,
                    0.0,
                    1.0
                ]
            ],
            "w": 720,
            "h": 1600,
            "fl_x": 1253.5068260298497,
            "fl_y": 1253.5068260298497,
            "cx": 360.0,
            "cy": 800.0
        },
        {
            "file_path": "images/img_024.jpeg",
            "transform_matrix": [
                [
                    -0.411142595081544,
                    -0.2543539181084037,
                    0.8753661238890366,
                    0.6142829740945603
                ],
                [
                    -0.33530445299895717,
                    -0.8507621670560285,
                    -0.40469081890401304,
                    -0.037978552955196594
                ],
                [
                    0.8476630759380067,
                    -0.45989979283430216,
                    0.26449856378113357,
                    0.385746259566536
                ],
                [
                    0.0,
                    0.0,
                    0.0,
                    1.0
                ]
            ],
            "w": 720,
            "h": 1600,
            "fl_x": 1253.5068260298497,
            "fl_y": 1253.5068260298497,
            "cx": 360.0,
            "cy": 800.0
        },
        {
            "file_path": "images/img_025.jpeg",
            "transform_matrix": [
                [
                    -0.041227549812571235,
                    -0.2738854417522609,
                    0.960878272172194,
                    0.8076933762304734
                ],
                [
                    -0.34924671732333734,
                    -0.897081851461837,
                    -0.2706859475788789,
                    0.04900657467417357
                ],
                [
                    0.9361233997584532,
                    -0.3467433006908303,
                    -0.058669104737532736,
                    0.14842965021419738
                ],
                [
                    0.0,
                    0.0,
                    0.0,
                    1.0
                ]
            ],
            "w": 720,
            "h": 1600,
            "fl_x": 1253.5068260298497,
            "fl_y": 1253.5068260298497,
            "cx": 360.0,
            "cy": 800.0
        },
        {
            "file_path": "images/img_026.jpeg",
            "transform_matrix": [
                [
                    0.22949210336758558,
                    -0.2602646769887164,
                    0.9378676198717387,
                    0.8423993440414936
                ],
                [
                    -0.3591153143336727,
                    -0.9182406308408001,
                    -0.16694410706615748,
                    0.13841924877648518
                ],
                [
                    0.9046378090169284,
                    -0.29849027083817714,
                    -0.30419400505598865,
                    -0.06974488492581792
                ],
                [
                    0.0,
                    0.0,
                    0.0,
                    1.0
                ]
            ],
            "w": 720,
            "h": 1600,
            "fl_x": 1253.5068260298497,
            "fl_y": 1253.5068260298497,
            "cx": 360.0,
            "cy": 800.0
        },
        {
            "file_path": "images/img_027.jpeg",
            "transform_matrix": [
                [
                    -0.7367653621866876,
                    -0.1684161823170518,
                    0.6548379880670242,
                    0.4674468485862647
                ],
                [
                    -0.27137825187981596,
                    -0.813398023371556,
                    -0.514526481322294,
                    -0.1393199220011411
                ],
                [
                    0.6192985108076507,
                    -0.5567940778321872,
                    0.5535790001458062,
                    0.61046319136024
                ],
                [
                    0.0,
                    0.0,
                    0.0,
                    1.0
                ]
            ],
            "w": 720,
            "h": 1600,
            "fl_x": 1253.5068260298497,
            "fl_y": 1253.5068260298497,
            "cx": 360.0,
            "cy": 800.0
        },
        {
            "file_path": "images/img_028.jpeg",
            "transform_matrix": [
                [
                    0.713311947374963,
                    -0.18613647907951134,
                    0.6756769027338588,
                    0.588618471964023
                ],
                [
                    -0.19593130160848918,
                    -0.9786082650913944,
                    -0.06274383272334125,
                    0.2602321607218113
                ],
                [
                    0.6729019176537849,
                    -0.08763032951378202,
                    -0.7345229299124465,
                    -0.478857014779839
                ],
                [
                    0.0,
                    0.0,
                    0.0,
                    1.0
                ]
            ],
            "w": 720,
            "h": 1600,
            "fl_x": 1253.5068260298497,
            "fl_y": 1253.5068260298497,
            "cx": 360.0,
            "cy": 800.0
        },
        {
            "file_path": "images/img_029.jpeg",
            "transform_matrix": [
                [
                    0.658072786562142,
                    -0.5087566481937138,
                    0.5550737613191916,
                    0.45481737864089006
                ],
                [
                    -0.19878780271917243,
                    -0.8284301396538248,
                    -0.5236286023540232,
                    -0.15810112265720544
                ],
                [
                    0.7262393662398238,
                    0.23424384011504334,
                    -0.6463019466872563,
                    -0.3700817487336776
                ],
                [
                    0.0,
                    0.0,
                    0.0,
                    1.0
                ]
            ],
            "w": 720,
            "h": 1600,
            "fl_x": 1253.5068260298497,
            "fl_y": 1253.5068260298497,
            "cx": 360.0,
            "cy": 800.0
        },
        {
            "file_path": "images/img_030.jpeg",
            "transform_matrix": [
                [
                    0.41625844305138376,
                    -0.2469739558830991,
                    0.8750615828065421,
                    0.7159684989637611
                ],
                [
                    -0.3150591484380037,
                    -0.9419583037306746,
                    -0.11598399466456559,
                    0.18573422206482257
                ],
                [
                    0.8529165501817617,
                    -0.2274168400718887,
                    -0.46990950115714736,
                    -0.23059126944746092
                ],
                [
                    0.0,
                    0.0,
                    0.0,
                    1.0
                ]
            ],
            "w": 720,
            "h": 1600,
            "fl_x": 1253.5068260298497,
            "fl_y": 1253.5068260298497,
            "cx": 360.0,
            "cy": 800.0
        },
        {
            "file_path": "images/img_031.jpeg",
            "transform_matrix": [
                [
                    0.9930637322682114,
                    0.11572152283012035,
                    -0.020807518050164717,
                    -0.03572592983726531
                ],
                [
                    0.08735541697566158,
                    -0.8446141913556828,
                    -0.52820062370807,
                    -0.15756215952980193
                ],
                [
                    -0.07869850556737591,
                    0.5227192333504324,
                    -0.8488646230742554,
                    -0.4695226500088965
                ],
                [
                    0.0,
                    0.0,
                    0.0,
                    1.0
                ]
            ],
            "w": 720,
            "h": 1600,
            "fl_x": 1253.5068260298497,
            "fl_y": 1253.5068260298497,
            "cx": 360.0,
            "cy": 800.0
        },
        {
            "file_path": "images/img_032.jpeg",
            "transform_matrix": [
                [
                    0.7534322016054653,
                    0.5523455615493046,
                    -0.35672720420613413,
                    -0.27987493703999766
                ],
                [
                    0.2598235631641674,
                    -0.7484728848375183,
                    -0.6101475695990921,
                    -0.19551237389368525
                ],
                [
                    -0.6040129415903417,
                    0.36701869339283844,
                    -0.7074359653647786,
                    -0.3081181124511138
                ],
                [
                    0.0,
                    0.0,
                    0.0,
                    1.0
                ]
            ],
            "w": 720,
            "h": 1600,
            "fl_x": 1253.5068260298497,
            "fl_y": 1253.5068260298497,
            "cx": 360.0,
            "cy": 800.0
        },
        {
            "file_path": "images/img_033.jpeg",
            "transform_matrix": [
                [
                    -0.5404374046863013,
                    0.7166065327998921,
                    -0.44091097600814105,
                    -0.31766143352614695
                ],
                [
                    0.27231122034810495,
                    -0.34685468743988385,
                    -0.8975179246530434,
                    -0.3265912830959102
                ],
                [
                    -0.79609924688349,
                    -0.6051172638005773,
                    -0.007686752372874159,
                    0.20144305663753803
                ],
                [
                    0.0,
                    0.0,
                    0.0,
                    1.0
                ]
            ],
            "w": 720,
            "h": 1600,
            "fl_x": 1253.5068260298497,
            "fl_y": 1253.5068260298497,
            "cx": 360.0,
            "cy": 800.0
        },
        {
            "file_path": "images/img_034.jpeg",
            "transform_matrix": [
                [
                    0.9425771470455696,
                    -0.18844734184484485,
                    0.27574611732361104,
                    0.2258886484810276
                ],
                [
                    -0.027098566368393265,
                    -0.8660444874019934,
                    -0.4992320237538819,
                    -0.15209001396921035
                ],
                [
                    0.3328873526708581,
                    0.46309237220259947,
                    -0.8214203949498434,
                    -0.5338086595774784
                ],
                [
                    0.0,
                    0.0,
                    0.0,
                    1.0
                ]
            ],
            "w": 720,
            "h": 1600,
            "fl_x": 1253.5068260298497,
            "fl_y": 1253.5068260298497,
            "cx": 360.0,
            "cy": 800.0
        },
        {
            "file_path": "images/img_035.jpeg",
            "transform_matrix": [
                [
                    -0.7353907728965415,
                    -0.460967031377276,
                    0.496698909926173,
                    0.3165941110619105
                ],
                [
                    -0.3122129266372965,
                    -0.4200661229019721,
                    -0.8520959692609039,
                    -0.3388173926804213
                ],
                [
                    0.601434534741065,
                    -0.7816993337424094,
                    0.1649928848389289,
                    0.329350133359394
                ],
                [
                    0.0,
                    0.0,
                    0.0,
                    1.0
                ]
            ],
            "w": 720,
            "h": 1600,
            "fl_x": 1253.5068260298497,
            "fl_y": 1253.5068260298497,
            "cx": 360.0,
            "cy": 800.0
        }
    ]
}